iter	nodes	time_lapse
10	10	8.77455735206604	
20	10	10.14546823501587
50	10	19.405954599380493
100	10	32.007930517196655
500	10	105.77629446983337
1000	10	252.07057857513428

20	20	40.344600439071655
20	20	44.16650652885437
20	20	70.9783182144165
20	20	58.04580593109131
30	20	112.63474798202515

30	30	347.82893538475037

20	40	196.83703064918518
20	40	196.65661120414734

10	50	29.646284103393555
20	50	105.28888821601868
50	50	332.46614360809326
100	50	705.5233690738678
200	50	1087.3732209205627
400	50	3102.1325187683105

10	100	57.0817494392395
20	100	223.8973069190979
50	100	1059.0460267066956
100	100	2757.5756590366364
200	100	
400	100	

10	1000	714.8869135379791
20 	1000	2843.505400657654
30	1000	5667.473606586456
80	1000
