iter	nodes	time_lapse
10	10	8.77455735206604	
20	10	10.14546823501587
50	10	19.405954599380493
100	10	32.007930517196655
500	10	105.77629446983337
1000	10	252.07057857513428
20	20	40.344600439071655
20	20	44.16650652885437
20	20	70.9783182144165
20	20	58.04580593109131
30	20	112.63474798202515
20	40	196.83703064918518
20	40	196.65661120414734
10	50	29.646284103393555
20	50	105.28888821601868
50	50	332.46614360809326
100	50	705.5233690738678
200	50	1087.3732209205627
400	50	3102.1325187683105
10	100	57.0817494392395
20	100	223.8973069190979
50	100	1059.0460267066956
100	100	2757.5756590366364
10	1000	714.8869135379791
20 	1000	2843.505400657654
30	1000	5667.473606586456




2ND

5       300	872.23 seconds
10	300	1426.09 
15	300	1606.01 
20	300	1664.22	
50	300	1672.34
100	300	1681.36 
200	300	1690.80
1000	300	1722.19

5       500	2383.10 seconds
10	500	3993.71


5	600	3484.38
10	600	5549.34 
15	600	6138.96 
20	600	6325.55
25	600	6377.55
30	600	6399.84 
35	600	6412.28
40	600	6415.54
45	600	6417.61
50	600	6419.37
100	600	6428.47
1000	600	6740.08104467392


5	1000	9031.85
10	1000	14252.05 
15	1000	16763.79
20	1000	17246.36
25	1000	17765.83
30	1000	18073.45 
...
